6  6  5  5  4  6
s  m  h  d  m  y
60 60 24 30 12 99
 
从文件读出的原始数据转换成时间：
下面是已经反转过的数据
0x46073207        先把16进制数反转，然后写出2进制，根据 645566 分开就是时间
010001 1000 00011 10011 001000 000111
17       8     3     19   8       7          

0x460737e7
010001 1000 00011 10011 011111 100111
17      8     3      19    31    39


把需要的时间节点转换成原始数据格式：
17 8 10 7 0 0     先按照 645566写出2进制数据，然后转换成16,再反转
010001 1000 01010 00111 000000 000000

0100 0110 0001 0100 0111 0000 0000 0000
46 14 70 00


010001 1000 01010 01000 010100 000000
0100 0110 0001 0100 1000 0101 0000 0000
46 14 85 00


010001 1000 01010 10001 000000 000000
0100 0110 0001 0101 0001 0000 0000 0000
46 15 10 00

010001 1000 01010 10010 010100 000000
0100 0110 0001 0101 0010 0101 0000 0000
46 15 45 00




时间点的小端格式
2017-8-10-07-00-00：0x00071446
2017-8-10-08-30-00: 0x00851446
2017-8-10-17-00-00: 0x00101546
2017-8-10-18-30-00: 0x00451546

大端格式：
2017-8-10-07-00-00：0x46147000
2017-8-10-08-30-00: 0x46148500
2017-8-10-17-00-00: 0x46151000
2017-8-10-18-30-00: 0x46154500

把从原始数据中读出的时间转换为大端，然后与时间点进行比较，创建字典时返回一个元祖，第二个返回在时间范围内是否为真，是的话，把文件写入以编号命名的文件


